0.7708059
-9.649696
2.407222
-7.551328
8.248915
3.39286
5.834416
10.77637
8.800818
-1.060435
3.890826
1.720583
-1.305188
-3.539768
0.7162132
3.33427
1.580652
4.386885
-2.85702
8.677249
8.654668
7.081043
0.9537016
-0.3886254
-0.2574397
3.480824
0.50222
-1.839252
-1.097444
-1.001002
-0.9808436
-0.4929717
-3.477227
1.291404
1.009911
1.359938
0.07057275
2.154647
-1.278242
1.184166
-0.8230975
-13.62895
-2.755224
1.726537
2.110839
1.206603
-1.100018
0.7963965
-0.7618798
7.343138
-4.212075
1.558743
-7.681023
-1.19687
-3.05219
-2.314345
-2.169657
1.224404
8.640087
-1.517552
-3.960845
-1.035428
1.231924
0.4563173
0.2987162
-0.5878169
-0.2855591
-1.725662
0.255599
-0.1934106
0.2221358
-1.109721
-0.1825253
0.004013587
1.032503
-0.7209682
0.04930212
-0.09833616
-0.6624153
0.4455514
0.1683137
-0.355353
-0.4222061
-0.5793847
-0.09997483
0.4850933
-0.7903051
0.8540579
0.01708904
-0.7940704
0.5097783
-0.6355392
-0.9758385
-0.04305869
-0.08144975
0.409364
0.1183467
19.80458
0.5197946
0.1068423
2.11128
-9.576838
-0.3923909
3.551526
-12.02387
3.325454
-1.825401
2.50481
0.439499
3.796258
-1.623008
0.09347167
-9.13413
6.236183
3.710374
5.799006
0.3946178
0.1050611
-3.673515
2.757259
-0.4873382
0.726778
2.946396
-5.881116
4.023162
0.4097975
-0.397218
0.4184391
1.356891
0.3589403
-4.393733
11.4747
-0.2967554
1.325338
-0.3142411
0.01799179
0.009655364
-8.745186
-0.4366464
-6.143096
-4.936384
-5.568058
-3.924501
-2.32405
-0.0731595
6.936307
-3.599571
-0.4116958
-9.288015
4.986682
-4.89359
2.185261
0.714899
0.32195
4.893985
-7.236661
-0.1923869
-6.435937
-5.888542
-5.878076
-1.879614
-0.6085702
0.4706316
-9.461366
-6.719101
-0.2472573
13.44833
-4.718313
3.698703
-9.032891
-0.1668268
-0.1826322
-3.80245
-6.964767
-0.3696117
-1.182686
-2.483939
6.532216
0.7908864
-1.576127
-0.2977007
-1.020625
0.2864656
-0.4113033
-0.1564959
-0.006668573
-1.429939
-14.67833
-1.236444
-0.3047436
2.145171
-12.29237
0.2132401
5.943756
8.429588
-0.08365063
2.290467
-0.9002316
0.162938
2.20052
3.981879
0.4175002
-2.729914
3.014578
-3.433097
0.5047117
-1.221969
0.1025341
-0.4705777
-0.8170746
-0.3617435
-0.05521974
-0.5649124
-0.8399809
1.072511
2.110584
-0.3554215
-1.517337
-0.9541241
0.1265629
1.183641
3.679947
4.422127
-0.4102784
1.334786
0.4751754
0.7894644
0.7046774
0.1506991
0.05502985
0.8884448
0.8957219
-3.818364
-1.941446
-0.2873381
-3.988199
7.123298
0.1768889
-3.365446
2.528621
-6.865508
-0.3579504
1.109337
0.4112352
0.1539378
0.6567717
0.4312726
-0.0660876
0.9137294
0.4583094
1.480833
0.5929763
0.2443151
-2.809294
5.518936
-0.2144209
9.715999
-3.568681
-8.725317
-3.36779
0.09395416
0.1591051
5.975442
-2.10626
-0.1317042
-0.6954942
3.923285
-12.41211
8.208124
-0.1035601
-0.2371824
-10.29681
-8.460399
0.06783243
-9.820724
1.539836
-3.302932
0.7578154
1.000254
-0.2847648
-6.191729
-10.1798
0.1724869
-8.88905
-3.794244
-2.463238
-6.850523
-1.819865
0.01819027
10.19731
-4.920156
0.01758625
5.489029
-14.23647
3.382725
0.5337448
0.9665403
-0.1810397
0.6912197
0.7436414
-0.05134775
0.1993823
0.5131645
0.05578024
-0.462779
1.958818
0.07557894
-5.886755
4.847457
-0.4302993
9.111156
-8.756553
-0.3324276
2.441551
-0.01904248
-0.3328613
0.7815609
-4.064495
0.19793
-13.25107
0.8108605
-4.488537
-0.4024287
-4.644677
0.1323358
4.992494
1.156909
0.3352861
1.527095
0.09167729
-0.764153
-4.137311
-2.360394
0.08122963
10.04932
-6.755687
0.04894271
-9.116149
0.2032581
0.6913056
-0.8588405
-0.3031672
-0.06098775
3.097056
3.442779
0.03815049
1.316311
1.713763
5.654998
-0.4329968
-0.7356907
0.0567537
-0.573239
-0.6694447
0.1544569
-0.07896623
-0.8106808
-0.01307959
-1.206821
-1.206152
-0.4535916
0.6522145
-0.8914225
0.4961688
-0.09123521
0.3445441
-1.113557
-1.318129
-1.21058
-0.273383
0.5838517
0.2594114
-0.3455338
-0.6765403
-0.07645108
-1.03258
3.558217
-2.591677
-0.4228697
-1.932286
-1.183011
0.4619691
-0.6236402
-2.026441
0.9064293
4.719066
-2.08413
0.4719215
1.457825
6.320295
0.1941115
-14.16293
4.771617
4.700691
0.232119
0.8128355
0.2680323
0.4509275
0.7596114
-0.4542145
-0.6371531
0.6033757
0.503298
0.311868
1.264012
-0.462145
0.2610979
0.2339353
-0.07186335
0.0033665
0.6600551
-0.06755432
-1.523695
1.25141
0.1924113
0.5134844
0.738174
0.09952302
0.4009894
0.8688471
0.1446479
-1.298269
-1.671787
0.06792206
0.3845419
0.8988937
0.3882043
-0.08009258
0.08033711
-2.444144
0.4172952
1.637992
-0.2411774
-3.823412
0.988611
-0.3886396
-5.019461
-11.69819
7.46561
-0.6708
-0.9355806
0.4976715
-0.5364817
-0.3717271
0.3905458
-0.1626089
-0.2361959
-0.5409222
0.5511243
0.8863222
0.3678804
-0.2929215
0.1738017
0.4704045
0.3536209
0.8387656
0.6291468
-0.4287486
-1.041639
-0.2609962
-0.5698498
-0.3454396
0.1052961
-0.2810599
-0.75868
-0.5643399
-0.386029
0.3039848
0.2270863
13.74157
0.8767647
0.2741943
-2.410308
13.7805
0.07440288
6.800824
1.361682
0.1954412
-8.984863
-0.4410775
0.3882488
0.2687927
12.3079
-1.36612
-0.5265597
-5.349307
0.2655294
4.387317
2.052971
0.3959319
0.1056011
-2.019931
9.126485
0.3968148
3.875708
-0.4555578
-1.363102
-7.567983
-0.09492037
1.90438
-2.250075
-4.517207
-1.179642
1.441197
-0.08845621
0.09381808
-0.02095658
0.09075132
0.1342032
0.7504256
-0.3342659
6.862893
1.46221
0.494315
-2.097937
-0.09040636
0.3650994
3.411025
-0.6613306
1.621969
-0.6276793
2.185852
0.3519467
-1.190132
-0.7884873
-0.4754718
0.9555098
0.6769442
-0.1034052
-0.1968587
-1.190371
0.08958975
-0.852693
-0.6948563
-0.4589443
0.3018877
-0.5656074
0.01366118
-9.342088
-2.818116
0.3850944
0.9143162
4.856359
0.04922817
6.972697
3.206669
-7.212481
3.706122
0.4253523
-0.04203347
-2.381553
-1.531713
-0.4932325
-1.886836
-1.832501
3.103677
-7.915967
3.131751
0.2872789
-0.6865674
-5.299858
-0.3861548
-3.116293
-2.087548
3.623185
1.818671
-0.8858227
-0.03071947
6.388649
9.763524
-0.3964999
-10.41359
-0.4644601
0.3422491
3.822227
-1.190379
-0.3474813
-1.756717
-0.2400088
0.03574993
0.5928864
0.9306266
-4.039763
1.292086
-5.197672
0.4099304
0.8496693
0.3397485
-0.4415232
-0.2421901
-1.323587
12.03995
4.473927
0.4906844
0.3913855
2.596779
-5.494429
-0.09455639
3.832133
-1.838922
4.755447
1.229774
1.251157
-0.04728267
-1.509525
3.112603
-0.3838049
2.71977
2.147357
1.594352
-6.920794
-0.4311272
-0.01682447
4.608007
2.852309
-0.2792125
-9.46594
3.54099
-2.453381
4.904796
-2.551338
0.4494245
1.620512
0.5608217
0.09074921
-3.489186
1.355086
-3.452829
-1.392096
-1.718835
0.2414774
0.7954501
0.3730051
0.4771285
0.4948646
0.6293111
-0.5247345
4.850395
1.681128
-0.3267869
-4.513503
-0.2187442
-0.4935585
-13.48754
7.735672
-10.41324
-9.589826
0.2291465
0.444365
6.127532
1.730075
0.1655961
-10.37926
9.349286
-8.881298
9.736423
-4.443491
0.1855779
-0.05309244
7.028488
0.1304172
4.582198
-0.5082368
-0.5200557
0.550359
-2.870888
0.05494597
4.119433
4.154572
0.3983993
-2.596393
9.254918
-3.519458
2.929576
0.1747577
0.9976015
0.4082058
0.615676
0.01271522
-0.6578411
-0.5612016
2.780836
-0.4368665
-1.721821
-0.007555344
-0.9086371
0.6418806
0.7479697
-0.4010168
0.6164411
2.940108
-2.758006
4.101971
2.165558
-2.70632
0.1246431
-0.9275914
0.1860789
-1.358608
1.579444
0.3055932
-0.247545
-0.0189284
-0.969118
-0.4699622
1.838222
0.950117
0.2852693
0.6767494
-0.5874246
1.382142
-0.5626481
0.9348798
-0.7073594
1.25516
2.145835
-2.171836
0.1974181
0.06570633
1.302348
1.062871
-0.1722548
-2.186221
0.05664358
-0.9251501
-0.960709
-0.1809253
0.5677935
0.597947
1.473824
0.423445
-0.04278641
-0.4092796
-0.1751342
-7.066822
3.97259
0.4370184
-1.51764
-0.5292603
-1.992525
2.11452
-2.942187
0.7349687
-4.670369
-2.711294
-1.333583
0.4935137
-0.9827667
-0.8012375
1.608344
-1.188258
-1.362531
-0.964905
-1.394762
-0.203755
-1.268586
-2.348893
0.8691868
-4.894451
-0.2546469
-2.636491
-0.9306011
-1.56542
-0.293269
-2.294134
0.3990804
0.6652241
0.04378503
0.304173
0.9393114
-0.7207901
-0.3075529
-0.9355155
0.6404251
1.758889
0.741818
-0.2164588
0.5353572
4.255571
-0.1952843
1.350369
-2.179616
-1.273706
1.654659
-0.5607271
0.7602148
-1.384135
0.07803302
1.850668
5.137135
0.7599053
-0.7631523
2.258879
-0.4578545
-0.06814227
-1.519024
0.07069401
1.119693
1.372841
-0.809606
-5.032258
-0.456662
-0.5971212
-0.5908321
-0.1853026
0.05211054
-0.01823097
-0.02555152
0.4712979
-0.02204311
1.153283
0.09436598
-0.01723479
0.8950971
-0.2843119
-0.7399101
0.09171686
-0.8844385
0.7185305
0.2021252
-0.1853043
1.141275
0.2719776
0.1290434
-0.3447593
-0.2367512
0.1138572
0.4795107
-0.8443609
-0.2883617
0.1889468
-0.04220838
0.6248323
-0.2311785
-0.1333428
-0.4881991
-0.6381512
0.600593
0.1283797
0.229264
-0.2497884
0.2669253
-0.9575062
-0.3747517
-0.6131721
0.3812294
-0.7197327
-0.4307026
-0.4888188
0.3265126
-0.1393873
0.1675205
-0.07660983
-0.3523201
0.05775343
-0.08812496
-0.09103964
-0.1884172
-0.3965222
-0.5130772
0.33823
-0.07005452
-0.01621116
0.3094328
0.2084213
0.1376687
2.507597
1.814384
1.572122
-0.4105318
-2.938187
2.997181
-1.184089
-0.1626208
0.4955396
-2.429589
-0.04589185
0.8666175
1.371236
-1.356121
-4.151421
-1.046178
2.707422
0.2402502
2.015544
-3.155183
-0.3148961
-1.284548
-0.6948523
-0.6327056
-0.4964444
-0.8455549
2.448402
1.029173
1.580242
1.474685
0.7403392
-3.952315
-1.329772
-1.072698
-1.301954
0.7500546
-3.2786
1.78309
-1.289521
1.535844
-3.961895
-3.071697
-1.282574
-0.8486328
-1.322677
-0.06242476
-1.025458
1.702707
1.956851
0.5664853
-3.068555
-0.4906244
0.5111593
0.6219363
-0.9017428
-0.6218319
4.0552
0.74692
1.222706
-4.850627
4.383057
1.73774
-0.9744905
0.3748545
0.1504163
1.433995
-1.33333
-0.5454016
1.015341
-2.555774
0.1798728
0.6103832
-0.8213669
1.891925
-0.5536785
-0.5848528
-0.0260887
0.8179994
0.07450768
0.2609843
2.350568
-0.7467506
1.537117
1.215404
-2.46876
0.2358855
0.1826657
-0.8206872
-0.1931055
-1.098791
0.000213653
-0.5685995
-0.3725089
-0.7873602
-0.7681878
-0.4784672
-0.04401778
-0.03027489
-0.106099
-0.2435668
0.6709127
-0.5224797
0.8272889
-0.5840883
-4.348784
2.13339
1.236531
0.1144378
0.3973944
0.9188466
0.7290761
-0.2604903
0.1513698
-0.8127084
0.4064005
0.2249993
-0.8801301
0.2965564
0.134523
0.5674888
-1.505422
1.203898
0.1051837
0.1758451
1.661429
0.190215
1.901893
0.5600558
0.3569414
-0.3705086
-0.2185973
-0.266798
0.3964539
0.3769946
-0.1837503
-0.3128351
-0.9615819
-0.3752145
0.549706
-0.3654987
0.1725512
-0.03030987
-0.08626387
0.8800943
-0.305182
0.1296376
0.6132571
-0.09429302
-0.2905449
0.1574068
0.284779
-0.2392256
-0.06770891
0.1435612
0.6644017
0.02991628
-0.192611
-0.5001298
-0.4316782
-0.01564924
-0.1689949
0.3765066
0.9766108
-0.07546039
-0.03464299
0.02431541
0.2178451
-0.1969782
0.8563769
0.04874516
-0.1051582
0.6279715
0.7453619
-0.1978387
0.5854079
-0.1707822
-0.328297
-0.8680252
0.07264389
-0.004095224
-0.1266076
0.237187
0.2999887
0.0111012
-0.4478311
0.3942955
0.3155403
-0.381258
0.4103773
0.05471679
0.4750049
0.3781745
-0.2509984
-0.06455394
-0.2986427
0.2744151
-0.2187778
0.5773152
-0.6541201
0.1931405
1.067589
0.2346794
-0.09739543
0.8676237
-0.5943412
-0.7022431
0.2006373
-0.8293126
-0.2076235
0.1460661
-0.3186915
0.06916757
0.09780788
-0.2827253
-0.3160824
-0.08692881
-0.4983256
0.2232643
-0.2707766
0.430548
0.3821175
0.08689801
-0.03319596
-0.09076165
-0.09041917
-0.09390075
-0.3718826
-0.1586699
0.4613244
0.6108511
-0.4576529
-0.01140196
-0.400777
0.3616282
0.2864646
-0.3744408
-0.4774285
0.297978
-0.6684017
-0.3024736
-0.1692016
0.7478986
-0.2149239
0.1439713
-0.4001445
0.1874731
-0.2804249
0.1071693
0.1041892
-0.4818273
0.3957991
0.2813022
0.1719751
-0.02357405
0.3280532
-1.44878
-1.6223
-0.5533202
0.610332
-0.6887456
-3.021281
-2.521357
-4.016956
-3.507429
0.1294237
-0.2269127
-1.199031
0.507237
2.127024
-0.5933563
1.839308
-0.8103613
-0.2946189
-0.7201198
-1.08892
-0.2300869
-0.8068973
-0.2906202
1.371204
1.215223
-1.440583
-2.492144
0.2822427
0.981713
0.3403811
0.8300213
-0.3108909
-1.86339
-1.170947
-1.194321
-0.2266469
0.1794303
1.435835
1.150617
-0.6199313
1.05684
1.164536
-0.8951645
1.626999
-3.659471
-0.1002281
-0.4581482
-0.8743477
0.2996316
0.1846963
-2.19066
-0.7128217
0.7772681
-1.113204
-0.7144853
-1.79819
-0.4854642
-1.296933
1.560776
0.4814223
3.609675
5.159302
1.82053
0.1716356
1.289643
-2.860732
-2.019567
-2.657762
2.809813
1.298094
-4.259469
1.78862
-1.583998
0.05168322
1.434584
0.9510404
0.3107996
-0.3429807
0.1601719
-2.046361
0.2420724
1.71085
0.2592635
-0.9712393
1.528082
3.400755
-0.444562
-2.276135
0.6183437
-0.3519035
-1.239516
-0.2668655
0.3844236
0.4425788
0.591717
1.321516
-1.830184
-0.57948
-0.2727262
0.8153769
-0.2485008
-0.1320882
0.2021184
-0.5962996
0.4978257
-4.431615
-3.230958
2.125398
0.6981809
1.051109
-0.8673446
0.8473207
0.07211588
2.829566
1.63801
1.405553
-2.011867
1.87996
0.5094635
0.6003099
-1.219151
-3.744868
3.105449
0.02962792
1.250188
-3.020067
0.4055483
-2.39942
-0.02799745
-1.065581
0.9673402
-1.405805
2.228296
-0.450263
2.508593
2.28282
0.649486
-0.1341322
1.145744
0.02944118
-0.7650182
0.5666299
0.6168744
0.01212223
1.23285
1.102226
1.617157
0.3328865
1.171103
1.37593
-0.5083013
-3.383885
2.801618
0.7198764
2.624821
-0.4670573
0.4981347
-0.01750148
0.03105522
-2.16227
-2.572825
-0.1853914
0.1210932
1.517026
-1.123138
2.67129
-0.3900325
-0.02594556
0.137116
-1.009326
-1.216876
3.084261
3.084142
1.304781
1.046504
0.2863601
-0.3311043
2.557739
-0.8711072
0.2037082
-2.507495
-2.211575
-3.942975
1.331108
-0.7471731
-1.335092
3.319617
-0.5987894
1.031594
-3.648278
0.05988239
-1.175477
-0.1075582
0.6398962
1.670445
1.748739
-0.9252429
-0.7516958
0.1796577
1.593084
0.4018823
0.7175527
-0.7011735
1.607406
-1.214738
-1.358895
0.989573
2.562144
1.285693
4.590272
2.764816
-5.760283
3.294242
-0.1878586
1.310417
0.4038476
-1.111991
-1.416261
-2.694563
0.01733976
-1.485321
-1.727149
-0.7481645
0.4206662
-0.177494
1.299396
1.320602
-0.4042445
0.1391615
3.905162
-1.47875
0.6617944
-1.235255
-4.53938
-1.032741
-4.242367
1.476195
0.0188547
-2.227126
0.2898312
-0.6928687
-2.30129
-0.866864
-0.4279281
0.6812862
-4.269804
-1.958942
0.05978241
0.1729188
2.573025
0.6812646
-1.031802
1.111847
-1.780277
-1.617142
0.5289487
-5.453462
-1.387147
-0.6839007
0.4983042
0.4610411
4.415493
-0.6925333
-1.920523
-2.237711
0.6989168
1.136007
-1.114814
1.569137
-0.8334137
-0.7921941
-1.959532
-1.019854
-0.5684173
-0.4584903
2.262158
2.095665
-3.08268
-1.460127
-3.266051
1.260427
-0.339636
1.618891
-1.007537
1.395276
0.9638588
0.7626065
1.327702
-3.026283
-1.291961
-0.5772285
-0.7986954
1.018862
-3.841625
1.142972
-1.134696
1.412352
-0.9867977
-0.2084975
0.6411014
-0.7263829
-0.676267
0.5701292
-0.7839363
1.454373
1.589606
0.6642084
1.12295
-2.94178
0.661511
0.417124
-1.328609
-1.388647
-0.3932146
-0.4964103
1.195276
3.365749
-1.240331
-3.457003
2.257735
0.4776267
0.06234568
-0.4891127
0.1311792
0.643948
-0.8114765
-0.6570648
0.4595292
-0.3027682
0.008863784
0.576463
0.1549548
0.7081342
0.04644669
-0.6016105
0.3313538
-0.7008358
-0.66576
-0.09353991
-0.1895765
-0.2288634
0.06743747
0.4750862
0.4872565
-0.1641963
0.2246466
-0.002036075
-0.02620659
0.4544297
0.3479745
0.3886608
0.4725778
0.01316044
-0.4599831
0.1404213
0.4708562
0.3167753
-0.3552768
0.4718377
0.3826649
0.1501989
-0.3762329
0.1525901
-0.3217121
-0.07406977
-0.05308664
-0.1810026
0.09758984
-0.3275204
0.2560568
1.2035
-0.4942051
0.959984
-0.4131819
0.2391231
0.1681608
-0.05969629
-0.7131188
0.02827938
0.3782901
-0.05858023
-0.1070158
0.5356308
-0.07441884
0.02483368
0.0652737
-0.5215657
0.7478235
1.02923
-0.07769204
-0.4788068
0.2713183
-0.0432968
-0.0061319
0.207017
-0.2016601
-0.1831899
0.2266388
0.3823153
0.2699271
0.1527039
0.1225366
-0.1911249
-0.1702383
-0.5930268
0.1332344
0.6668971
-0.2787559
0.06854622
0.6368147
-0.2843103
-0.06488957
-0.03552944
-0.5928946
-0.3070779
-1.625766
-0.1785716
0.05036391
0.6838208
0.4424421
-0.4640674
-0.9634052
0.05355402
0.5920244
-0.04141434
0.6952194
-0.1573253
-0.6293351
0.6455969
0.2452147
-0.258108
0.9116666
-0.2226433
0.1626705
-0.6680146
-0.04922295
0.1205803
-1.322173
-0.6652657
0.3799743
0.1117334
0.6908965
0.09758382
0.2159768
0.9999135
0.08626652
-0.3132656
0.5687473
0.769637
0.5599169
1.808181
-1.09617
0.5716316
0.740346
0.1942611
-0.1459095
-0.5984228
0.4275426
-2.540026
0.1641573
0.202548
-0.04362267
-0.1386155
0.4554517
-0.0289236
0.4606228
-0.1817282
0.371593
0.2766385
0.6074418
0.04113157
-0.1218724
0.433176
-0.08569083
0.6260046
-0.07398121
0.7244068
0.7674795
0.8493423
0.1417698
-0.01820684
-0.8659066
-0.6794869
-0.8521613
0.4420284
0.3053045
0.1332702
-0.02588747
0.7888468
0.5343107
-0.8083789
-0.1150449
-0.7111983
-0.7750057
-0.3291824
-0.143091
-0.04415901
-0.4215312
-0.1421715
-0.4065008
0.1391131
-0.1830608
0.5241511
0.3436605
-0.1454091
2.624989
-1.907775
0.2444852
-1.083856
-2.567027
-0.7501147
-0.6354775
-1.13075
-4.436815
0.8508383
-1.320748
-1.136675
0.2420722
0.9572957
3.004179
1.816178
-0.3760519
0.01177517
0.4845777
-0.3136843
-1.588819
0.1189399
1.387232
0.3140293
2.632078
0.6373346
-0.7212163
1.50263
3.985727
0.1327235
1.957301
-1.240339
3.050455
-0.7454374
-0.9031067
0.3602555
0.2525405
0.03979597
0.1392487
-1.411319
-0.1789842
-0.7141511
-0.2927073
0.3420354
2.550923
-0.222272
-0.4118514
0.2779526
-8.838206
-0.112891
-2.5921
2.352824
0.1226433
-0.4306113
-0.6929369
0.7739176
0.7757986
0.9942191
1.991214
-4.805139
-0.5964727
-1.069685
0.7818997
-1.298532
-2.590617
-3.116173
-0.2884647
1.339686
-4.861573
-3.603542
-4.180556
-3.708926
3.864175
2.634856
4.205681
-2.302407
0.8526906
0.9728038
-2.165476
0.2954649
0.4657543
-2.569943
-0.06489898
-0.3205561
1.838933
0.6881264
0.7059695
0.5711585
-0.4059322
-0.9262857
-0.4304418
-2.212397
-1.057647
0.3534155
1.958658
-0.6769924
0.04700872
-2.710652
1.530969
-0.8998217
-0.05480794
0.1556799
0.5222138
1.233033
0.5488992
0.6008855
-0.4342237
-0.1486475
-0.4832002
-0.6267365
0.1326387
-0.6597993
5.704264
4.89191
-2.810347
-0.4859568
-0.01204979
0.839797
0.8334657
-0.1589602
-0.9403222
-0.2134335
-1.745758
2.365234
0.6551124
-1.068065
0.1862488
0.9469904
0.4663452
-1.86429
-0.3608206
-0.89088
2.308715
1.152237
0.359357
-0.05970424
-4.588431
-0.3407421
-3.140504
1.703965
4.056446
3.226723
3.786185
3.419523
-0.7851762
1.695531
-0.6628718
-0.5200139
-0.2290795
0.4970552
0.3182164
-0.04133529
1.381027
1.099661
2.326473
2.722354
5.523265
-0.3342245
5.225674
0.2386077
-4.833945
3.463954
-0.5723689
0.8550641
0.6391078
0.4984241
-2.201514
3.132816
-0.7549376
-0.7084333
-0.8215744
-0.6486495
7.726849
0.5892231
0.08466714
0.754427
-10.91505
2.02198
-3.715226
1.231432
0.1062118
-1.572485
0.6808839
0.8081148
-4.7851
-0.4929289
2.565221
-0.4059563
-1.517749
1.310957
-1.362984
-0.1602781
-0.4083686
-2.928573
0.243058
-2.263891
-1.220415
-1.561994
-1.738463
0.1060993
-0.08783062
-0.4043562
-0.2528312
-0.9433846
-0.1775526
0.03210561
-0.3505435
-0.1636784
-0.1667248
1.735487
-0.6313407
0.023015
0.1510385
0.0418307
1.093266
0.2191983
-0.1533261
0.1172831
-2.947253
-0.2616683
-0.006092079
-0.5761603
-0.2457196
-0.7285998
0.6341069
1.809146
-0.5720577
-0.06837571
0.9765767
0.9510513
0.065836
-2.297549
-0.3914011
-0.1485852
-0.5162176
0.9725721
-0.5386034
0.3535044
-0.2667355
0.4258148
0.5015577
-0.4101922
-0.5009515
0.004386944
-0.1399362
-1.170867
0.04384935
-0.00877354
-0.1518726
0.5173175
-0.6756802
0.1859056
0.02262287
-0.2834073
-0.8661437
-0.7430249
-0.6107926
-0.03479319
0.4721206
0.4925627
0.1362341
0.168914
0.1703405
-0.1773199
-0.2301049
0.05455629
0.3046376
-0.2149909
0.05082593
-0.3830312
0.2777672
-0.08701279
0.4400791
0.2629636
-0.6301833
-0.2158376
0.1318388
0.06333715
0.4389119
0.2105004
-0.3837583
0.4431452
-0.449857
-0.2318998
0.2654068
-0.5691954
-0.3776112
-0.133794
0.06943341
-0.2555414
0.0003837049
0.2264384
-0.2002286
0.5369712
0.5213616
-0.4813643
-0.5428972
-0.491281
-0.512196
0.5572426
-0.3481873
0.1032767
0.05635299
-0.2779657
0.4317891
0.04173147
-0.03873255
0.06681087
-0.5897936
0.377588
-0.2940207
-0.05070007
0.2122257
0.1903026
-0.100977
0.4625709
0.3582804
0.2556997
-0.1156218
-0.3990555
0.03650008
0.03203429
0.3089532
-0.01241645
-0.046296
-0.322604
-0.3715226
-0.7337936
-0.481749
-0.5575663
0.3746205
-0.4683772
-0.3572392
0.6244362
-0.3103715
0.6176873
-0.483419
-0.2845752
-0.2745563
-0.5723137
0.5126553
0.2029499
-1.465088
0.3805693
0.2095261
0.7155349
-0.9016014
2.236768
-0.6964145
0.6409702
-0.2276883
-0.02937348
-0.8904142
0.4931296
0.04703473
-0.1529087
0.1193286
-0.4042683
0.1449234
1.127577
0.1378741
0.2796448
0.4396445
-0.2980556
-1.30239
0.009389184
0.4333946
0.05792084
-1.434301
0.9430608
-1.387819
0.6135578
0.01786577
-0.6682956
0.2428953
-0.5048558
0.3266953
-0.3117005
0.0559674
0.3996384
-0.1615779
0.4083737
1.1433
0.6886668
-0.8588386
0.132973
0.2673181
1.053224
0.5484518
-0.5235355
0.4704332
0.09388234
0.03325929
-0.2654313
-0.780909
1.486037
0.1521175
-0.3548703
2.332075
-2.566115
-0.01426889
0.5351087
2.485538
0.01959367
-0.2156065
0.2823884
-0.5004488
0.08829439
0.02409299
0.5580175
0.1637503
0.614348
0.2908584
0.03683778
-0.2505009
-0.02206695
-0.4665208
-0.4759596
-0.3989676
-0.3783333
0.2166234
-0.5344451
-0.567678
0.2652862
0.4063845
0.5070034
0.1112248
-0.593304
-0.01234298
-0.01965632
0.3198745
-0.4033111
1.049611
0.03960005
0.07686668
-0.1645739
0.3978715
0.1884121
0.2407504
-0.5966721
0.4164172
0.06762747
0.04476155
-0.8491247
-0.6682358
-0.4357817
-0.442202
0.5575218
0.4704816
0.4834903
0.3273156
-1.843056
0.7981884
-0.2047417
-0.2046853
3.668274
1.558247
0.3524539
2.857036
-0.5602202
0.03457794
-2.201435
-1.068125
1.79873
0.6119235
0.8346564
-0.7162869
0.4396536
-0.100083
-1.013398
0.06690646
-0.6845072
-0.8288411
0.7004899
1.164044
-0.3842928
-0.5496194
-0.4339134
0.4169962
0.0983317
-0.2390417
-2.60735
-1.104727
0.8113554
0.7685771
0.2895677
0.9662539
-0.1028772
-1.015299
-1.066857
-0.1877261
0.5619394
0.9160479
0.5170559
-0.2476631
0.6344079
0.7914216
3.053282
-0.438439
-1.310558
-0.7343946
-0.08101994
-1.046791
0.9708657
-0.9330919
0.6730614
-0.1241553
4.376318
0.3704863
1.158738
-0.02815477
-0.8828965
0.2573051
-0.5510103
0.6014756
0.654611
-1.57273
-0.6178584
0.4525801
-3.857198
-0.8753955
-1.4723
-0.7223751
1.913041
-1.640459
0.5568935
-1.624356
4.05225
-0.03816192
6.156339
-3.373982
-0.05270259
2.533969
0.7398596
0.5039213
0.851818
-0.8132591
-1.554216
-2.395485
1.462302
-3.482091
1.305676
1.879151
-3.435441
-1.337428
-1.795916
2.576441
-1.286714
-0.7787885
-1.489024
-2.392651
-0.6249693
1.412672
1.448081
0.3726681
-0.752994
-6.698394
-1.354938
0.804033
-1.507773
-8.263156
0.3829826
-2.545886
2.425423
0.02792641
1.597328
0.4802212
-1.485189
-2.119856
1.658745
-3.360012
2.358621
-5.561543
1.960595
-0.8601574
1.355379
3.949872
0.05153436
-0.9595091
-2.201879
6.146966
-0.5672083
4.26315
2.426498
3.55882
-0.4985114
0.4105092
-1.76193
-0.2740464
2.182076
0.2848799
-3.702298
-0.03647499
0.3521826
1.884493
0.4175094
-0.6220576
-0.4866505
-1.632345
-0.2806495
-2.95505
4.996529
-1.529596
-0.2926184
0.02700223
0.2010662
-6.108935
1.112373
-0.4566791
-3.250598
0.4366169
0.06264232
0.06512062
0.1374543
-0.5176641
-1.028013
-0.4466921
0.3177691
-0.9361161
-0.1523446
1.717288
0.1322665
-0.2172371
-0.4368843
1.306818
-2.117822
-1.121937
-3.763254
-0.8526227
-0.4110064
-0.6109239
0.3520577
-0.7901873
-1.114416
1.892658
0.6114206
1.418737
-0.6961001
-4.268689
0.6176525
-2.396125
-0.1026496
-0.3290636
2.899711
0.821788
-0.4604774
0.2672906
-7.590106
-5.058598
0.4239173
0.1856804
-2.086398
-2.125227
-3.534791
-0.5157404
-3.752619
0.620528
1.50055
0.9420308
0.3787405
0.9971574
-0.5890748
2.30574
-0.7707407
-0.6848378
1.801592
0.1977839
0.5596797
-5.258155
-0.3859414
-2.311006
-1.65226
-3.77896
-3.403509
0.6765782
0.4387051
0.2846443
0.003767747
0.3922914
-1.480462
-1.029223
-0.3248768
-0.7022876
0.005522104
0.3767304
0.5896353
-0.3883713
0.4707961
4.216895
0.3577459
-2.194567
0.6427092
-0.6143677
1.349895
-0.2609195
0.5977593
3.347975
-1.472841
-3.557181
-2.728487
3.047726
2.475158
-2.009612
1.740814
-4.188828
2.902772
0.4867518
-1.215375
-3.754335
3.574036
-0.1517848
2.463726
-0.1688797
0.5110515
0.4464345
0.8418217
-1.325009
-0.6604368
1.755424
-2.388378
-0.548904
-1.008853
0.2935201
-0.6464342
-0.2145554
0.9662268
-0.3630457
0.9413918
0.4021283
-0.7752848
0.5594819
0.8008511
-2.927748
0.9121311
0.3484212
-0.8999041
0.6764628
-2.197184
-0.1576597
-0.334429
-1.574929
-1.460268
-0.4132907
-0.3291027
1.072211
0.3109305
0.5281743
-0.6988466
0.285638
-0.3477628
0.8869362
-0.6231661
-1.054313
1.764918
2.174881
0.3233311
0.4734538
2.803071
0.5929386
-0.5380302
-2.126187
-0.2938917
-0.634686
-1.565216
0.2197297
-0.04583308
1.459579
0.7996073
-0.3837832
0.5726895
-1.653072
0.05704408
-1.493445
2.689927
-0.6647955
-4.354184
0.384492
-2.350318
-0.4468519
0.9136952
0.729873
5.478717
-4.694118
-2.339983
0.9488307
-8.107351
0.3019931
-0.01742638
-3.081526
0.2990247
3.698825
0.06204344
-2.397046
0.6877314
-2.575218
-3.006312
-6.226125
0.2822695
-2.022207
-1.384344
2.535074
2.749058
-1.112435
0.1851578
0.379053
1.122262
-2.808666
1.784936
0.2631734
-0.5430278
-0.2022475
1.697853
-1.84877
-0.1614012
-0.9464357
0.6092793
2.33646
-9.034809
-1.024213
-1.173268
-0.4767312
0.1697406
-1.245016
-0.04709548
1.876446
-1.514706
-4.57387
3.840174
-2.113618
2.622113
-0.2142315
-1.757399
-5.165323
-0.03646914
0.6391046
-1.406473
-1.117163
7.117425
2.350232
-3.740711
4.288392
-0.2328857
2.784214
1.870858
3.7198
0.2007545
-2.845599
1.216824
1.74259
1.786463
0.06065571
1.360057
-0.9294193
-1.164786
3.069102
-0.6012647
-0.1160296
-0.9746397
3.060275
3.445388
-1.774869
-0.2547626
-5.428249
4.407332
-2.980176
3.219442
-3.277204
0.2208149
1.266199
1.044284
2.210504
3.878646
-0.08552001
-0.2345408
-1.313718
0.8350495
-1.827829
0.7066642
-0.727949
0.77952
2.864235
-0.05370932
-4.800916
1.188164
-0.9777344
-3.076354
-0.2246532
0.01924533
-1.97367
1.867367
0.1750793
-1.486889
0.6785294
0.3582437
-0.9499801
-3.960636
5.484023
2.239622
-0.104513
3.055425
4.868882
-2.563578
0.5581577
2.896478
1.372681
-1.369476
1.389707
-1.456131
0.6381449
0.3520505
-2.512215
-3.291342
0.4311905
-1.10882
-0.3331659
0.6709704
-0.1373023
-0.7214777
2.064568
-0.1760381
-2.629896
-4.143109
0.6750299
1.315373
-0.131315
0.02124458
-0.178458
2.21657
0.3870956
1.087923
-0.6843903
-0.03505299
0.1247655
0.5210219
0.8966578
-0.1272216
-0.169195
-0.733914
-0.1311936
-0.3973426
-1.321626
-0.01948664
-0.6196927
0.6440887
0.2761209
-0.7748034
-0.4849445
-2.317472
0.1548284
0.2395972
-1.010489
0.3565013
-0.8639153
0.3142024
0.9973486
2.731766
-0.1635502
3.482848
-0.879945
0.5669381
-0.6184561
-0.4807776
0.3295382
1.732919
2.793102
0.1274802
0.6204213
-0.1930379
0.04798716
-0.3837549
-0.4463472
0.07395552
0.02854798
-0.04062562
-1.114045
-0.5146293
0.7917695
-0.4271059
-0.4071822
0.3064339
0.3524778
0.3065526
0.1004977
-0.3458064
-0.2755744
-0.2532621
-0.5443637
0.3089199
0.2031567
0.4172676
0.3117937
2.21912
-0.2210552
0.1446919
-0.2557665
-0.1876684
-0.07217219
0.3199763
-0.57365
0.01488899
-0.384727
0.00459273
0.009749097
0.3868434
0.1820767
0.246292
-0.5296989
0.268215
0.1655213
0.0003115537
0.09505633
-0.1049706
-0.7019376
0.4584281
-0.7947705
0.4036838
0.1104196
0.116162
0.03114574
0.3413114
0.5203497
0.2352183
0.02604487
-0.07131719
-0.2580348
-0.6215742
-0.2980374
0.6426868
-0.1268404
0.1709715
-0.5772908
-1.264406
0.9608318
1.004285
0.8964073
-0.548694
-0.2929172
-1.065093
-0.3147915
0.09238543
-0.5727657
0.974406
0.7506723
-0.5848445
0.190299
0.468989
-0.04693256
0.3845431
-1.633326
0.1266778
0.6161371
-0.6120479
-0.03697045
0.8208844
-0.4775539
0.4388153
-0.2288798
-0.001066113
0.3256005
-0.8080499
-0.2278583
-0.7469121
-0.2773068
1.080745
0.2182562
0.64604
0.4152145
-0.1316993
-0.4203724
-0.007406987
0.5820767
0.005214272
-0.3189711
2.63413
-1.290897
0.01026799
0.05249454
-0.04112085
0.2883828
-0.3302757
-0.2813533
-0.1698489
-0.1452678
-0.1173659
-0.4925744
-1.01448
0.2366674
0.4875653
-0.423127
0.7088714
-0.4583141
-0.01162576
1.386728
1.196652
1.69348
-0.5797641
0.544836
-1.515241
0.8124854
-0.793114
-0.2576344
0.4873774
0.5624316
0.5420828
0.6313209
0.7630957
0.560768
0.6489305
0.6482428
0.9395508
-0.5921955
0.5169669
0.466466
-0.8643475
-0.347528
0.2296514
0.07354501
0.6290388
-0.6333085
-0.1591196
-0.5060507
0.8000545
0.3574087
0.5341955
0.3300623
-0.4482052
1.132353
